2A:
x: [1.0, 1.0993285434772113, 1.1998368607405188, 1.2999415360368438, 1.3996702747267908, 1.4999999999999998, 1.5998775886267373, 1.699923356356461, 1.7999960887920488, 1.8999802637029917, 2.0]
q=0: [0.40319596417993386, 0.47162268129312046, 0.5517064690079624, 0.6347690246981942, 0.7292450118300955, 0.8268205117583364, 0.9213906527895572, 1.019096385988633, 1.1171495951240615, 1.2164417639838483, 1.315452463555271]
q=1: [0.25866765211662296, 0.34898957688336957, 0.4290778145485706, 0.5216569110648197, 0.6231952499417738, 0.7135177911713692, 0.8017241900745855, 0.8997077294130592, 0.9964616560753735, 1.0938329589366727, 1.1924721893051817]
q=2: [0.18819602414051637, 0.2862380659583141, 0.3749557835137424, 0.47461286085263893, 0.5803036961190121, 0.6674989936496314, 0.752863041394431, 0.8503397730404535, 0.9468120177069949, 1.042289096256535, 1.1406028433029067]

2B:
x: [0.0, 0.18336289567104233, 0.29905200225092193, 0.3843108934201205, 0.5, 0.5981040045018439, 0.6992705554852575, 0.7990520022509219, 0.8994581687740688, 1.0, 1.0999482674695549, 1.199901573629516, 1.2999536264275353]
q=0: [0.0, 0.04218303203023692, 0.06171970453455907, 0.08873267709515428, 0.1139030110518993, 0.14240598460063483, 0.17241485330194753, 0.21552007773166643, 0.2712111163978256, 0.33741297272022036, 0.41265718392863454, 0.49925304553204164, 0.5901768226055262]
q=1: [0.0, 0.03352033827563912, 0.044333996882044355, 0.060011085286879276, 0.0823606910125467, 0.10338464142618371, 0.12326465789161267, 0.15733272750553576, 0.19272672751169204, 0.2505812390055059, 0.3153235098881608, 0.3964570296588244, 0.48298957087709715]
q=2: [0.0, 0.029023750048593217, 0.037950530441992474, 0.05260430291585514, 0.07113315485410912, 0.08989342070604792, 0.10638398995746716, 0.13508713203676506, 0.1639292233215975, 0.2150072763727041, 0.27728697330642094, 0.3572019411341058, 0.4416985750161073]

2C:
x: [0.0, 0.0, 0.0, 0.0, 0.09395091235455379, 0.09395091235455379, 0.14890867299050775, 0.14890867299050775, 0.18790182470910757, 0.21814726293633863, 0.24285958534506152, 0.2637535562303591, 0.2978173459810155, 0.31209817529089245, 0.3476596876323835, 0.3670559359268464, 0.3990966655040359, 0.4249927728639063, 0.44672601897152325, 0.4739254297896726, 0.5, 0.5247123224087229, 0.5480053384945437, 0.573901445854414, 0.5989407708712994, 0.6241963505817849, 0.6489086729905077, 0.6745590096296571, 0.6992713320383801, 0.7247604045117593, 0.7494727269204823, 0.7749003149222511, 0.7996869275577397, 0.8247083550384896, 0.8499855457278126, 0.8749538503001384, 0.8999854720681602, 0.9249927728639064, 0.9499504211592235, 0.9749483970252876, 1.0]
mean: [0.0, 0.0, 0.0, 0.0, 0.010311957074779188, 0.010311957074779188, 0.01464015717073836, 0.01464015717073836, 0.021388395194448524, 0.024325373251608388, 0.02824163799786449, 0.02997231028475586, 0.032280700368560636, 0.03335747263884619, 0.03660990836172295, 0.03963987917360849, 0.04591849567411714, 0.05046093178097677, 0.0534339018251405, 0.05788447789884508, 0.06102297206927276, 0.06251425771092298, 0.06481239101126551, 0.06961036591972684, 0.07406769831370186, 0.07924617513700817, 0.08386690896866206, 0.08783396226553992, 0.09126687655909309, 0.09494990145096532, 0.09920348410135119, 0.10330427821331205, 0.10863692549057861, 0.11462021817231968, 0.12282792391871304, 0.1312397430027431, 0.1397008300294581, 0.15026247651866695, 0.1604507073871268, 0.17004899498127607, 0.18139519490179143]
sample path 1: [0.0, 0.0, 0.0, 0.0, 0.0, 0.0, 0.0, 0.0, 0.01673001795004584, 0.03075563831064635, 0.03743089761936418, 0.03927285449373045, 0.051359643120019685, 0.06052397597046583, 0.07274854288226631, 0.07518923221495877, 0.08562515980727975, 0.08342533393281626, 0.08467197671519633, 0.08380567000950058, 0.08739196334385264, 0.09251590908263686, 0.0895896386933586, 0.08412398900700918, 0.08211976334913508, 0.08085245281345033, 0.08560827652273843, 0.09445431879036383, 0.10693496288395693, 0.11170815883003257, 0.11755988639185329, 0.13352418630973947, 0.1484026236128157, 0.15537837782706818, 0.15925493763249884, 0.161884920807184, 0.16241384757324814, 0.17256926330454692, 0.19262887472603524, 0.19407674487677, 0.1842896018315051]
sample path 2: [0.0, 0.0, 0.0, 0.0, 0.031852737063661374, 0.031852737063661374, 0.039835041522338424, 0.039835041522338424, 0.04697545617727689, 0.046867108819794535, 0.04802946276660447, 0.04538535990301665, 0.04525188987413209, 0.04635481121593555, 0.04423861298997886, 0.039527306736181995, 0.034625882381325614, 0.02979333555535783, 0.029408029214853238, 0.026833492984527352, 0.03190621273539047, 0.0405881338531309, 0.06446447972717984, 0.09383502032898684, 0.11597139126180903, 0.12085536234966054, 0.11248763254110439, 0.09618773860069443, 0.08480303578749065, 0.07906517949319486, 0.08358702719756869, 0.08834081435558294, 0.09243254149341816, 0.1056340451410955, 0.12265254795736477, 0.1384216287629676, 0.1525394445504129, 0.16206381237210588, 0.16957098232163959, 0.18196397325052494, 0.1905140877698235]
sample path 3: [0.0, 0.0, 0.0, 0.0, 0.0, 0.0, 0.0, 0.0, 0.0, 0.0, 0.0, 0.0, 0.0, 0.0, 0.008892147732241593, 0.026928907669105193, 0.03945378745700318, 0.05533521454150889, 0.06498184518223313, 0.07314593502026706, 0.07235842955623131, 0.0658710919756525, 0.05978472949990176, 0.05698792561519405, 0.06176865395891631, 0.06703982585038745, 0.07773999848701771, 0.09136183873948212, 0.09973230205371408, 0.10909111240031888, 0.11286649845123037, 0.11667882898829127, 0.1291648134663641, 0.13731461424759214, 0.14238953675254598, 0.1482760957597764, 0.1536216061018565, 0.15604478440870997, 0.16391481091653684, 0.17779278717269528, 0.19601059065738505]